01031500
01047000
01052500
01054200
01055000
01057000
01073000
01078000
01123000
01134500
01137500
01139000
01139800
01142500
01144000
01162500
01169000
01170100
01181000
01187300
01195100
01333000
01350000
01350080
01350140
01365000
01413500
01414500
01415000
01423000
01434025
01435000
01439500
01440000
01440400
01451800
01491000
01510000
01518862
01532000
01539000
01542810
01543000
01543500
01544500
01545600
01547700
01548500
01549500
01550000
01552000
01552500
01557500
01568000
01594950
01596500
01605500
01606500
01632000
01634500
01664000
01667500
02011400
02013000
02014000
02015700
02016000
02017500
02018000
02140991
02481000
03010655
03011800
03015500
03026500
03028000
03050000
03069500
03070500
03076600
03078000
03173000
03180500
03182500
03186500
03281500
03471500
03473000
03479000
03488000
03498500
04015330
04027000
04057800
04221000
04256000
04296000
05393500
06479215
07261000
