01516500
01632900
02055100
02125000
02464000
03021350
03049000
03049800
03140000
03144000
03237280
03237500
03238500
03241500
03285000
03291780
03338780
03340800
03346000
03364500
03366500
03368000
03384450
04196800
04197100
04197170
04213000
04213075
04216418
04224775
04233000
05399500
05454000
05487980
05488200
05489000
05495000
05495500
05501000
05503800
05507600
05508805
05591550
05592050
05592575
05593575
05593900
05595730
06803510
06803530
06814000
06878000
06879650
06885500
06889200
06889500
06892000
06903400
06910800
06911900
07145700
07167500
07180500
07184000
07196900
07263295
07299670
07315200
07340300
07359610
07362587
08023080
08086212
08086290
08164300
08164600
08194200
