02297155
04043050
04127997
06221400
06224000
06278300
06280300
06289000
06291500
06311000
06614800
06622700
06623800
06632400
06746095
07083000
07208500
08267500
08377900
08378500
09035800
09035900
09065500
09066000
09066200
09066300
09081600
09107000
09210500
09223000
09312600
09352900
09494000
10336645
10336660
10343500
11230500
11237500
11264500
11266500
11473900
11522500
11528700
12073500
12092000
12375900
12377150
12381400
12383500
12390700
12411000
12447390
12488500
13011500
13011900
13018300
13023000
13161500
13235000
13240000
13313000
13331500
14096850
14308990
14362250
