01022500
01411300
01466500
01487000
01669000
01669520
02051500
02053200
02092500
02108000
02196000
02198100
02202600
02215100
02216180
02231000
02245500
02246000
02296500
02297310
02298123
02298608
02299950
02300700
02349900
02350900
02361000
02363000
02369800
02371500
02372250
02374500
02427250
02472000
02472500
02479300
02479560
02481510
04024430
04040500
04045500
04057510
04059500
04063700
04074950
04105700
04115265
04122200
04122500
04127918
04161580
04185000
05057200
05291000
05362000
05458000
05466500
05525500
05584500
06470800
06477500
06919500
07315700
07346045
07362100
07375000
08013000
08014500
08066300
08070000
08070200
08109700
08175000
08176900
08189500
