01169000
01187300
01350000
01350080
01350140
01365000
01413500
01414500
01415000
01434025
01435000
01440400
01451800
01491000
01510000
01516500
01518862
01539000
01542810
01547700
01549500
01552500
01557500
01567500
01568000
01580000
01583500
01586610
01591400
01594950
01596500
01632000
01632900
01634500
01638480
01639500
01644000
01666500
02011400
02013000
02014000
02015700
02016000
02017500
02018000
02038850
02046000
02053800
02055100
02056900
02059500
02064000
02065500
02069700
02070000
02074500
02077200
02081500
02096846
02111180
02111500
02112120
02112360
02118500
02125000
02128000
02143000
02193340
02212600
02221525
02384540
02395120
02415000
02450250
02464000
02464360
03021350
03049000
03049800
03050000
03070500
03076600
03078000
03140000
03144000
03173000
03180500
03182500
03186500
03237280
03237500
03238500
03241500
03280700
03281500
03285000
03291780
03338780
03340800
03346000
03364500
03366500
03368000
03384450
03471500
03488000
03498500
03604000
04196800
04197100
04197170
04213000
04213075
04216418
04221000
04224775
04233000
05399500
05413500
05414000
05444000
05454000
05487980
05488200
05489000
05495000
05495500
05501000
05503800
05507600
05508805
05556500
05591550
05592050
05592575
05593575
05593900
05595730
06332515
06339100
06344600
06479215
06601000
06803510
06803530
06814000
06878000
06879650
06885500
06888500
06889200
06889500
06892000
06903400
06906800
06910800
06911900
06917000
06918460
06921070
06921200
07060710
07066000
07145700
07167500
07180500
07184000
07195800
07196900
07197000
07261000
07263295
07291000
07299670
07315200
07335700
07340300
07359610
07362587
08023080
08050800
08066200
08082700
08086212
08086290
08101000
08103900
08104900
08150800
08158700
08158810
08164300
08164600
08165300
08178880
08190000
08194200
08195000
08196000
08198500
08200000
08202700
09430600
09447800
09484600
09497980
09505350
09508300
09510200
09512280
09513780
10259000
11124500
11141280
11148900
11151300
11176400
11284400
