01031500
01047000
01052500
01054200
01055000
01057000
01073000
01078000
01123000
01134500
01137500
01139000
01139800
01142500
01144000
01162500
01170100
01181000
01195100
01333000
01423000
01439500
01440000
01484100
01532000
01543000
01543500
01544500
01545600
01548500
01550000
01552000
01605500
01606500
02140991
02297155
02299950
02300700
03010655
03011800
03015500
03026500
03028000
03069500
03170000
03473000
03479000
04015330
04027000
04043050
04057800
04115265
04127997
04256000
04296000
05393500
06221400
06224000
06278300
06280300
06289000
06291500
06311000
06404000
06614800
06622700
06623800
06632400
06746095
07083000
07208500
08171300
08190500
08267500
08269000
08271000
08377900
08378500
08380500
09035800
09035900
09047700
09065500
09066000
09066200
09066300
09081600
09107000
09210500
09223000
09312600
09352900
09378170
09492400
09494000
09505800
10234500
10336645
10336660
10343500
11230500
11237500
11264500
11266500
11473900
11522500
11528700
12073500
12082500
12092000
12375900
12377150
12381400
12383500
12390700
12411000
12447390
12451000
12488500
13011500
13011900
13018300
13023000
13161500
13235000
13240000
13313000
13331500
14096850
14216500
14308990
14362250
