02027000
02027500
02028500
02102908
02137727
02143040
02149000
02152100
02177000
02178400
02342933
02381600
02430085
02465493
02479155
02481000
03439000
03455500
03456500
03460000
03463300
03500000
03500240
03504000
03592718
11143000
11381500
11451100
11468500
11475560
11476600
11478500
11480390
11481200
11482500
11523200
11532500
12010000
12013500
12020000
12025700
12035000
12040500
12041200
12048000
12054000
12056500
12114500
12115000
12117000
12143600
12144000
12145500
12147500
12167000
12175500
12178100
12186000
12189500
14020000
14137000
14138800
14138870
14138900
14139800
14141500
14154500
14158790
14166500
14182500
14185000
14185900
14187000
14222500
14236200
14303200
14305500
14306340
14306500
14309500
14316700
14325000
14400000
